2478
6346
5704
485
157
2115
4699
7829
1922
7623
76
4656
7059
2865
2597
3326
4730
6149
379
7701
8949
9530
104
5452
2794
1683
3615
7636
3410
7052
9007
9963
7366
2718
8445
4609
4780
2985
2060
2731
9206
6066
552
4927
5038
2770
4238
3787
9153
6479
4809
538
8622
8837
9042
1150
337
8408
7852
8937
124
4273
3379
8984
1000
4162
1294
6486
5663
2312
4753
3456
1388
9613
6010
6080
7432
6230
7722
6562
2201
6092
9956
9640
2270
7735
711
3762
8724
7040
5453
2853
5745
409
8333
3975
5427
8606
6664
4425
9495
5206
5376
2110
9151
5110
6038
8275
3079
1386
3291
5
1036
2465
20
6016
8358
2920
1172
7425
1173
406
7559
6620
8872
3237
1195
9687
3943
2993
3235
6856
2019
7751
830
5208
3176
159
9867
8550
4677
6011
4245
1370
770
5837
5880
2348
6992
5082
8854
1553
4382
7836
7396
4463
9553
9135
7709
9633
5546
5096
9188
7606
6156
5731
6046
4904
3254
8377
1339
8065
4867
4254
4570
6036
7710
4041
7954
342
8292
4206
7108
797
6041
6651
1661
3871
6990
4408
8640
3260
7127
6214
3672
4855
2900
4171
8183
152
1709
2945
3374
5397
4121
9985
8368
4842
1749
18
5834
6460
7972
8081
1217
8026
8709
5829
2677
7009
4946
9240
7247
5540
9541
5256
6054
5368
5516
4578
2834
2877
4352
9738
8862
7118
2326
2924
7849
2004
4818
7575
8049
2406
5000
3127
283
140
2070
3153
6398
2789
5017
3347
8182
6863
3860
3363
7197
7271
3620
7051
739
8955
1230
6485
5339
1228
2873
6609
6716
8409
7229
4869
233
8536
8966
2107
65
5011
3835
8525
3115
8667
5702
5056
3424
3573
2379
9451
9231
7950
9137
4627
1563
5867
8467
2382
6052
7368
6185
38
9358
9122
1208
5600
1607
2404
9827
7209
1364
246
7386
2134
8532
7310
8249
3402
462
881
9570
4099
3674
4951
7966
2263
2973
582
5182
2064
306
3178
8258
3612
1268
2773
9528
6993
2551
8032
543
5978
4116
6972
4755
6653
7224
9405
5449
5408
6436
3530
7579
793
6842
1739
2727
5594
7397
265
7218
4649
9961
8987
360
4414
1815
1414
1637
2518
5308
9813
4074
1720
9064
4006
5132
3304
3516
7060
7979
4876
5580
9071
9605
3841
3980
823
9674
2199
5241
4694
5233
7101
6215
1550
3734
3695
7460
1216
609
5127
3902
5573
965
8142
8646
4890
7817
3850
619
77
4539
196
3929
5599
6835
1621
2564
7496
4718
7452
7639
4297
239
8699
8302
5393
1628
1494
6868
3887
8969
5351
4078
279
7073
8790
8833
3457
3092
3321
4624
9656
1874
2385
3255
2792
4885
7997
679
571
5297
6873
1164
8533
7629
6867
1380
6176
7550
5597
8021
7511
2427
7315
6368
211
400
7182
7284
3555
3624
1944
9357
5629
6860
1843
3242
7929
2580
3653
8666
6131
3314
1287
8995
4592
8549
3570
413
3278
9409
7900
6802
4720
8869
3789
3045
6736
